1 343757
2 155619
3 344313
4 141162
5 76765
6 344310
7 62839
8 343758
9 162153
10 426500
11 159049
12 76599
13 290802
14 126980
15 162702
16 286772
17 129677
18 326106
19 169741
20 169872
21 1361284
22 343770
23 126633
24 343768
25 62924
26 61369
27 82814
28 343782
29 50616
30 167316
31 160362
32 54518
33 164986
34 69996
35 47563
36 127066
37 131557
38 343822
39 168847
40 57983
41 289050
42 204375
43 243824
44 78631
45 126869
46 160259
47 343814
48 327712
49 168863
50 169793
51 1029555
52 343808
53 343807
54 344320
55 343804
56 52445
57 343875
58 161469
59 370011
60 64340
61 83582
62 479993
63 166746
64 343866
65 343873
66 285445
67 163033
68 286387
69 277115
70 343867
71 505175
72 327365
73 191515
74 143422
75 343837
76 343834
77 343832
78 1116186
79 122300
80 426849
81 77835
82 340357
83 372066
84 76225
85 123745
86 164230
87 343969
88 342728
89 344726
90 343895
91 56090
92 161124
93 480110
94 343967
95 146984
96 291534
97 154888
98 605939
99 343952
100 1015561
101 1172864
102 343929
103 343924
104 75916
105 278825
106 164328
107 343904
108 343903
109 68679
110 357857
111 189657
112 346187
113 343901
114 343892
115 338131
116 344281
117 62868
118 344276
119 132899
120 344275
121 344271
122 165144
123 345967
124 145588
125 165138
126 963468
127 344264
128 1365412
129 127676
130 278467
131 168773
132 189056
133 169883
134 343862
135 163819
136 344235
137 344327
138 84838
139 344197
140 189370
141 325603
142 344195
143 84531
144 357854
145 344180
146 344178
147 135672
148 344151
149 160705
150 77496
151 344577
152 157844
153 344578
154 83424
155 128684
156 130831
157 287316
158 165101
159 167309
160 123732
161 157765
162 128268
163 345550
164 345582
165 1004655
166 76538
167 160818
168 123572
169 344723
170 354064
171 165529
172 131560
173 169743
174 170055
175 160519
176 427777
177 76589
178 76593
179 344618
180 154827
181 344616
182 344840
183 160656
184 322482
185 143423
186 129327
187 64058
188 344253
189 124423
190 321819
191 346159
192 962637
193 273839
194 290666
195 327751
196 344665
197 344667
198 130215
199 64443
200 163770
201 139566
202 47447
203 372062
204 358122
205 344722
206 343831
207 190155
208 169742
209 191498
210 82135
211 344730
212 54880
213 126507
214 158007
215 77624
216 47445
217 68654
218 53940
219 204330
220 1454255
221 344830
222 126515
223 344835
224 181340
225 278605
226 344847
227 62888
228 160739
229 344854
230 133332
231 1027871
232 1145361
233 126510
234 344862
235 50996
236 191771
237 1293231
238 181408
239 126566
240 123001
241 910967
242 179304
243 344879
244 133607
245 81515
246 355782
247 370204
248 189179
249 79388
250 82400
251 343846
252 344895
253 132698
254 344896
255 48514
256 348794
257 344930
258 344931
259 162855
260 344937
261 344938
262 208742
263 159175
264 344943
265 539111
266 284831
267 286095
268 69172
269 165682
270 57636
271 141177
272 283380
273 344960
274 284175
275 158587
276 344962
277 52492
278 344966
279 199425
280 1303458
281 121022
282 146977
283 83585
284 354814
285 53168
286 191683
287 169074
288 181060
289 75604
290 852222
291 160759
292 764909
293 164092
294 63694
295 51448
296 68317
297 161257
298 165230
299 208828
300 48651
301 68562
302 196659
303 775466
304 165586
305 344982
306 77977
307 344986
308 135394
309 284560
310 166920
311 129540
312 168854
313 63329
314 169500
315 327747
316 1030051
317 1264617
318 126581
319 363481
320 60879
321 62942
322 160878
323 133308
324 50333
325 160766
326 169322
327 430581
328 161146
329 121287
330 146643
331 321915
332 345555
333 208767
334 132576
335 345556
336 345557
337 326173
338 708121
339 246102
340 196656
341 345560
342 185264
343 48865
344 200055
345 345561
346 169944
347 51921
348 77494
349 165686
350 164077
351 126305
352 164081
353 345572
354 60316
355 345576
356 127284
357 278703
358 345577
359 129036
360 345578
361 346360
362 83106
363 345580
364 123046
365 164316
366 1278888
367 128270
368 283915
369 160169
370 122835
371 117504
372 131154
373 224052
374 60121
375 154558
376 84537
377 1404250
378 126569
379 77299
380 135425
381 345927
382 165389
383 136915
384 344825
385 319218
386 1268642
387 345933
388 508221
389 345935
390 48872
391 347617
392 184314
393 345941
394 51737
395 345950
396 126585
397 357658
398 357972
399 344857
400 908177
401 345981
402 206266
403 58389
404 162972
405 166494
406 62941
407 160294
408 507628
409 166758
410 52856
411 166809
412 346001
413 346002
414 135923
415 159698
416 354252
417 162718
418 346156
419 1090279
420 346163
421 158621
422 67574
423 83492
424 346164
425 63190
426 346168
427 122885
428 160941
429 47441
430 334567
431 281562
432 160297
433 345537
434 120942
435 908672
436 48876
437 163773
438 346175
439 159811
440 79312
441 162774
442 75602
443 346180
444 346340
445 339906
446 864832
447 346356
448 163664
449 163363
450 346361
451 346368
452 346402
453 164861
454 346407
455 84356
456 166914
457 127036
458 59040
459 322878
460 346606
461 164333
462 158232
463 346616
464 167116
465 346621
466 189268
467 346624
468 345934
469 279260
470 75835
471 164985
472 165206
473 285832
474 189091
475 139075
476 62821
477 62859
478 344617
479 119099
480 169323
481 784554
482 58300
483 332889
484 188924
485 61381
486 56739
487 1060923
488 69972
489 354059
490 168922
491 779116
492 354159
493 119647
494 164056
495 285850
496 361866
497 291119
498 355023
499 771308
500 157767
501 346398
502 480046
503 131561
504 161148
505 344231
506 154637
507 344994
508 122768
509 62844
510 133605
511 358390
512 52397
513 165059
514 162829
515 467491
516 348099
517 358121
518 344965
519 160172
520 123003
521 160957
522 425640
523 326037
524 348627
525 62944
526 130789
527 83583
528 122898
529 289582
530 1275051
531 60439
532 60218
533 360351
534 279229
535 130823
536 361659
537 191651
538 165759
539 425810
540 162414
541 166894
542 154842
543 428365
544 361868
545 327846
546 441312
547 132672
548 362034
549 362453
550 346424
551 139572
552 362459
553 362460
554 363757
555 781644
556 128637
557 127638
558 126584
559 283710
560 366266
561 332605
562 366977
563 48602
564 867160
565 61479
566 126845
567 937293
568 337352
569 120490
570 418575
571 71036
572 365229
573 365174
574 365119
575 365894
576 365453
577 365695
578 184675
579 365573
580 365677
581 427629
582 83417
583 426356
584 426715
585 61398
586 1157051
587 1415440
588 165060
589 130374
590 62876
591 345571
592 345544
593 346415
594 890758
595 425621
596 132451
597 425730
598 342347
599 366346
600 962649
601 61374
602 425736
603 426890
604 425654
605 426646
606 426306
607 199400
608 431450
609 1116223
610 354277
611 78589
612 127514
613 365674
614 354817
615 193426
616 344969
617 427306
618 55189
619 189922
620 426567
621 68686
622 345559
623 365439
624 169521
625 161477
626 345551
627 60997
628 260753
629 184205
630 119386
631 495408
632 425679
633 283847
634 126165
635 133304
636 291694
637 1243255
638 425818
639 431649
640 284651
641 135885
642 370103
643 426764
644 82742
645 50374
646 246106
647 427877
648 348393
649 50360
650 130743
651 189944
652 346343
653 50371
654 131326
655 50919
656 427291
657 69223
658 159110
659 425623
660 196666
661 142176
662 126577
663 425758
664 81995
665 140999
666 431644
667 122988
668 76778
669 425607
670 287151
671 425504
672 336787
673 425618
674 426301
675 166207
676 50926
677 209714
678 355781
679 359747
680 53720
681 427614
682 362792
683 427222
684 191028
685 343839
686 345585
687 425663
688 427849
689 777430
690 426806
691 347373
692 425714
693 77468
694 425562
695 135370
696 143208
697 372049
698 425773
699 426725
700 425617
701 347836
702 554718
703 425510
704 183979
705 62811
706 701501
707 123555
708 427956
709 425815
710 346348
711 70023
712 133309
713 425717
714 346410
715 366217
716 496742
717 327294
718 427209
719 426891
720 122343
721 425795
722 348101
723 425637
724 430784
725 340332
726 169652
727 1186181
728 157894
729 369851
730 140907
731 369426
732 1414805
733 275610
734 345969
735 189019
736 157886
737 84370
738 192039
739 210935
740 427576
741 538511
742 199373
743 700977
744 441311
745 131242
746 321501
747 127912
748 962659
749 472004
750 427935
751 502781
752 345974
753 158336
754 867069
755 281371
756 347424
757 427909
758 1095846
759 427613
760 291695
761 191439
762 50382
763 189949
764 425694
765 962760
766 159130
767 345598
768 343925
769 328408
770 284040
771 358120
772 346179
773 347392
774 165536
775 520603
776 425754
777 48380
778 70027
779 154776
780 208836
781 290101
782 76425
783 77987
784 162267
785 425509
786 425641
787 428102
788 345552
789 427452
790 133652
791 280568
792 425584
793 122519
794 159426
795 638350
796 166747
797 369351
798 870085
799 133294
800 133311
801 346869
802 348713
803 162453
804 189587
805 164873
806 425093
807 82768
808 196657
809 133291
810 369642
811 189583
812 196667
813 196661
814 70026
815 425563
816 775039
817 48363
818 138580
819 196662
820 425486
821 930806
822 347653
823 345931
824 778816
825 343697
826 426303
827 1245374
828 425559
829 425724
830 327344
831 426297
832 127682
833 287387
834 131566
835 778611
836 167517
837 428114
838 83479
839 155137
840 1263850
841 431162
842 346373
843 345998
844 425597
845 427409
846 189339
847 199319
848 190731
849 167198
850 945393
851 803282
852 803697
853 369437
854 340543
855 431329
856 815982
857 160742
858 169878
859 165764
860 196660
861 427106
862 475201
863 346162
864 54919
865 425582
866 348109
867 62809
868 54982
869 425632
870 64128
871 206594
872 122530
873 937244
874 905248
875 425557
876 168223
877 158118
878 425577
879 425581
880 62877
881 122295
882 888052
883 427253
884 62937
885 147440
886 281100
887 77541
888 427704
889 343833
890 427420
891 427646
892 425576
893 359512
894 123728
895 371396
896 129523
897 75392
898 146816
899 159191
900 427523
901 425690
902 737282
903 344978
904 425499
905 346870
906 344230
907 327909
908 81491
909 950312
910 169518
911 190476
912 427537
913 181381
914 75732
915 427351
916 425631
917 164238
918 427489
919 68319
920 83561
921 287170
922 425814
923 123438
924 69973
925 628895
926 346623
927 327691
928 426777
929 361660
930 122099
931 196664
932 52599
933 425534
934 425704
935 427569
936 426781
937 1371249
938 872706
939 480543
940 163862
941 167546
942 425753
943 283377
944 166750
945 165293
946 169171
947 162416
948 425336
949 167539
950 345928
951 223839
952 867557
953 962662
954 193613
955 480539
956 425585
957 428093
958 360343
959 425686
960 372494
961 1438095
962 355783
963 425478
964 425651
965 122319
966 426644
967 369601
968 427215
969 137470
970 461502
971 78976
972 347833
973 126840
974 425687
975 426706
976 957495
977 356076
978 427103
979 589815
980 193455
981 341034
982 1378512
983 887229
984 359078
985 426677
986 428150
987 139444
988 428185
989 1436654
990 425760
991 800897
992 1405217
993 84797
994 425691
995 427336
996 1423052
997 788084
998 1038928
999 915497
1000 1394663
1001 1155314
1002 79210
1003 803486
1004 169583
1005 121285
1006 425777
1007 425649
1008 425767
1009 425606
1010 707876
1011 425661
1012 1044470
1013 426640
1014 370835
1015 366267
1016 344282
1017 425797
1018 425766
1019 142088
1020 890544
1021 369393
1022 427912
1023 426296
1024 190475
1025 927836
1026 628256
1027 346369
1028 425539
1029 167403
1030 347685
1031 425705
1032 425798
1033 1230463
1034 369967
1035 167075
1036 279439
1037 193310
1038 425772
1039 425525
1040 184624
1041 153890
1042 892765
1043 123757
1044 752741
1045 62009
1046 426520
1047 427901
1048 426570
1049 427703
1050 1045223
1051 944872
1052 426390
1053 133350
1054 628257
1055 425780
1056 1459398
1057 58991
1058 166171
1059 344724
1060 425608
1061 51593
1062 1144135
1063 425821
1064 79141
1065 489795
1066 167069
1067 569457
1068 284503
1069 425600
1070 427313
1071 166546
1072 427104
1073 428027
1074 158226
1075 68185
1076 353814
1077 83832
1078 141359
1079 164021
1080 159260
1081 332658
1082 169442
1083 126376
1084 78592
1085 359905
1086 427096
1087 188925
1088 362126
1089 192360
1090 131578
1091 292142
1092 140714
1093 48233
1094 425529
1095 428072
1096 427478
1097 62850
1098 426798
1099 506959
1100 76790
1101 369605
1102 425775
1103 923663
1104 569876
1105 128032
1106 283076
1107 883671
1108 275384
1109 1119307
1110 452256
1111 607658
1112 130193
1113 76205
1114 166944
1115 372053
1116 141402
1117 425757
1118 427742
1119 425761
1120 185282
1121 67423
1122 425492
1123 1239449
1124 347752
1125 136907
1126 168654
1127 164427
1128 427440
1129 426724
1130 425812
1131 369980
1132 427015
1133 426302
1134 426810
1135 426719
1136 866950
1137 1399243
1138 427070
1139 427676
1140 427448
1141 427404
1142 426842
1143 189602
1144 427293
1145 1134944
1146 426722
1147 122521
1148 426318
1149 162985
1150 427185
1151 427981
1152 427687
1153 426569
1154 427428
1155 427122
1156 886827
1157 1005916
1158 158675
1159 208746
1160 208839
1161 425542
1162 343349
1163 425604
1164 344887
1165 371323
1166 164415
1167 370052
1168 69816
1169 169394
1170 892760
1171 962756
1172 427019
1173 127681
1174 448520
1175 78701
1176 335157
1177 183387
1178 427957
1179 428124
1180 427557
1181 427618
1182 427645
1183 425696
1184 427059
1185 1134350
1186 276914
1187 369417
1188 425561
1189 79464
1190 431025
1191 286187
1192 370030
1193 63705
1194 170076
1195 427432
1196 162376
1197 200052
1198 162982
1199 317963
1200 79187
1201 82165
1202 161900
1203 427278
1204 160547
1205 427078
1206 426925
1207 425827
1208 426403
1209 425720
1210 189072
1211 426455
1212 428719
1213 426595
1214 159808
1215 201458
1216 426745
1217 366039
1218 135996
1219 83108
1220 191503
1221 425638
1222 426320
1223 118977
1224 370562
1225 425643
1226 319135
1227 425738
1228 133619
1229 993539
1230 337796
1231 1449753
1232 366767
1233 346957
1234 159681
1235 124349
1236 119136
1237 278242
1238 62887
1239 344274
1240 122965
1241 1404885
1242 923928
1243 427272
1244 364239
1245 425528
1246 430578
1247 186063
1248 323913
1249 58316
1250 1039050
1251 75401
1252 425794
1253 805353
1254 913187
1255 208814
1256 426748
1257 146786
1258 427963
1259 210278
1260 167477
1261 348735
1262 169540
1263 147425
1264 427953
1265 346406
1266 127387
1267 322492
1268 425495
1269 425553
1270 143955
1271 1154562
1272 48448
1273 123960
1274 427246
1275 126882
1276 154466
1277 474165
1278 131594
1279 962753
1280 157642
1281 345937
1282 51446
1283 82506
1284 417481
1285 343893
1286 291284
1287 1404249
1288 165763
1289 928000
1290 85410
1291 584095
1292 1255494
1293 138991
1294 451427
1295 368023
1296 1065436
1297 427035
1298 425475
1299 154768
1300 138796
1301 154852
1302 160874
1303 53263
1304 427282
1305 167273
1306 280673
1307 940625
1308 1435896
1309 158216
1310 354692
1311 425609
1312 427883
1313 431062
1314 425787
1315 1425622
1316 278523
1317 158586
1318 132923
1319 977762
1320 1194880
1321 873702
1322 165755
1323 161494
1324 1370072
1325 883508
1326 154847
1327 814286
1328 343874
1329 1446461
1330 425672
1331 427768
1332 281140
1333 362603
1334 426429
1335 818755
1336 426561
1337 427763
1338 427582
1339 428095
1340 588241
1341 936819
1342 1457670
1343 192112
1344 425530
1345 428064
1346 142181
1347 425727
1348 1291631
1349 185114
1350 168220
1351 425531
1352 425805
1353 915494
1354 427100
1355 425490
1356 427389
1357 60221
1358 135348
1359 169410
1360 704278
1361 84592
1362 165102
1363 160357
1364 164471
1365 76755
1366 425750
1367 430961
1368 369352
1369 1035920
1370 472001
1371 425671
1372 51636
1373 165207
1374 705655
1375 493671
1376 83642
1377 372063
1378 425533
1379 369488
1380 165482
1381 426587
1382 852782
1383 155835
1384 160865
1385 369946
1386 327366
1387 369937
1388 1365407
1389 1157114
1390 50203
1391 913505
1392 191591
1393 370167
1394 1110791
1395 322761
1396 427544
1397 425799
1398 1414807
1399 189180
1400 355845
1401 208765
1402 370169
1403 425819
1404 428201
1405 346625
1406 327732
1407 158221
1408 170422
1409 569595
1410 163949
1411 183101
1412 556938
1413 209270
1414 892776
1415 425703
1416 550496
1417 346868
1418 208766
1419 426298
1420 425635
1421 126742
1422 851888
1423 348532
1424 189588
1425 426529
1426 133599
1427 189169
1428 120212
1429 372044
1430 426511
1431 1422924
1432 425768
1433 1063376
1434 426840
1435 427207
1436 142283
1437 425676
1438 209395
1439 79077
1440 191225
1441 425650
1442 57867
1443 55829
1444 1039553
1445 426800
1446 431527
1447 161121
1448 426415
1449 985726
1450 848186
1451 181901
1452 168355
1453 129546
1454 169166
1455 426931
1456 426858
1457 344985
1458 915467
1459 168278
1460 170451
1461 365529
1462 347718
1463 193513
1464 1365899
1465 48163
1466 426565
1467 75723
1468 135659
1469 277579
1470 425689
1471 199320
1472 157888
1473 168408
1474 425675
1475 427193
1476 346403
1477 496679
1478 169736
1479 328110
1480 186380
1481 923963
1482 169502
1483 426410
1484 166873
1485 1245372
1486 499120
1487 427776
1488 427838
1489 1243458
1490 186414
1491 1403500
1492 347754
1493 135329
1494 188927
1495 1274717
1496 332533
1497 440513
1498 340544
1499 427659
1500 428016
1501 426980
1502 426692
1503 448062
1504 1032789
1505 76949
1506 131576
1507 431066
1508 431065
1509 425491
1510 425653
1511 427782
1512 427692
1513 52329
1514 132645
1515 165587
1516 425765
1517 428030
1518 1426085
1519 867048
1520 344861
1521 884738
1522 890401
1523 426888
1524 898241
1525 51274
1526 1311723
1527 126735
1528 780929
1529 349271
1530 56992
1531 199324
1532 320685
1533 48969
1534 357682
1535 69235
1536 83168
1537 120944
1538 1448755
1539 426683
1540 570734
1541 204924
1542 556796
1543 431399
1544 424112
1545 1044766
1546 320048
1547 76465
1548 135343
1549 410980
1550 480031
1551 558965
1552 53052
1553 201454
1554 58776
1555 273713
1556 136413
1557 1172810
1558 67710
1559 277340
1560 593145
1561 370028
1562 834403
1563 1113012
1564 737270
1565 427720
1566 345971
1567 425715
1568 62915
1569 1023706
1570 1419504
1571 164063
1572 165027
1573 1417696
1574 425522
1575 425614
1576 426657
1577 427331
1578 867163
1579 427515
1580 425647
1581 210054
1582 426889
1583 344963
1584 866502
1585 426576
1586 1425352
1587 362795
1588 426369
1589 189948
1590 425825
1591 168658
1592 137231
1593 347296
1594 370173
1595 425594
1596 427900
1597 286913
1598 480118
1599 1420605
1600 343859
1601 192234
1602 480113
1603 898773
1604 369781
1605 1081619
1606 135704
1607 425613
1608 431300
1609 1032648
1610 426996
1611 59035
1612 427893
1613 138578
1614 425592
1615 500997
1616 1394893
1617 1423848
1618 903066
1619 362619
1620 348098
1621 1425350
1622 427091
1623 285378
1624 874335
1625 426408
1626 427098
1627 160760
1628 855565
1629 132448
1630 49569
1631 276275
1632 428050
1633 274189
1634 347756
1635 62671
1636 191630
1637 428103
1638 157815
1639 773138
1640 170452
1641 161476
1642 160710
1643 1037015
1644 1435144
1645 348343
1646 602277
1647 425822
1648 50338
1649 1275045
1650 430926
1651 163640
1652 426681
1653 782177
1654 340143
1655 409028
1656 343805
1657 290939
1658 426671
1659 427669
1660 1402675
1661 75833
1662 164213
1663 290513
1664 445502
1665 977758
1666 923779
1667 68666
1668 365577
1669 1330928
1670 334914
1671 348092
1672 897257
1673 189106
1674 915490
1675 425817
1676 1441509
1677 427702
1678 867364
1679 365733
1680 1441401
1681 287152
1682 164240
1683 1353992
1684 161255
1685 517585
1686 428108
1687 1318025
1688 426704
1689 1395492
1690 141511
1691 514394
1692 1457058
1693 84779
1694 986313
1695 159346
1696 985894
1697 357656
1698 795186
1699 345952
1700 425684
1701 427310
