1 47122
2 47362
3 47434
4 47161
5 47604
6 49194
7 50151
8 48516
9 60478
10 48699
11 48377
12 49147
13 60337
14 51816
15 48620
16 71577
17 50256
18 47365
19 48536
20 64684
21 48382
22 47148
23 52345
24 52327
25 71556
26 47693
27 62992
28 71592
29 51821
30 48797
31 71506
32 53825
33 48623
34 62782
35 57279
36 58321
37 71501
38 50279
39 71456
40 48527
41 50623
42 47733
43 50998
44 55849
45 48064
46 68038
47 62910
48 47151
49 51890
50 48165
51 71645
52 71650
53 47567
54 48877
55 48874
56 58770
57 53724
58 50313
59 48867
60 70279
61 71409
62 52849
63 52493
64 52496
65 47599
66 56235
67 71572
68 51451
69 62890
70 48040
71 52679
72 70024
73 52601
74 47759
75 53581
76 60747
77 71499
78 71464
79 47781
80 50638
81 48809
82 50899
83 48889
84 49585
85 71483
86 58935
87 47621
88 62825
89 51885
90 332939
91 48437
92 67773
93 71604
94 71573
95 145472
96 48150
97 52343
98 62970
99 48694
100 64657
101 47217
102 53823
103 71400
104 47790
105 64662
106 48434
107 71440
108 71563
109 71520
110 71587
111 71639
112 71575
113 52860
114 64680
115 68691
116 62369
117 64690
118 49041
119 51121
120 47852
121 48072
122 60998
123 71532
124 71453
125 47374
126 50361
127 49320
128 52647
129 50920
130 71412
131 71480
132 62822
133 56184
134 64675
135 117838
136 64687
137 62374
138 71530
139 53781
140 576365
141 71542
142 64670
143 71557
144 61207
145 71579
146 59831
147 47903
148 70234
149 71407
150 48231
151 71591
152 71518
153 64661
154 71515
155 51830
156 50828
157 47753
158 71534
159 71543
160 71581
161 71472
162 47890
163 571193
164 51596
165 54643
166 71477
167 57860
168 71583
169 49570
170 49660
171 60246
172 1032312
173 64338
174 53855
175 60444
176 47322
177 1454523
178 62415
179 71458
180 71424
181 67833
182 68613
183 59737
184 71584
185 71547
186 47204
187 51308
188 57777
189 332930
190 71600
191 71408
192 50376
193 48386
194 48317
195 47689
196 49382
197 48567
198 71528
199 55329
200 49035
201 59992
202 64682
203 47194
204 462172
