1 47123
2 47363
3 47162
4 47605
5 48151
6 48515
7 47366
8 48700
9 49146
10 51820
11 47791
12 71281
13 64516
14 48073
15 332904
16 47132
17 48232
18 47181
19 48796
20 47729
21 51878
22 71291
23 48526
24 47218
25 48318
26 71289
27 58769
28 48866
29 47375
30 71275
31 332903
32 47853
33 47754
34 62488
35 70233
36 50898
37 47329
38 58226
39 48808
40 47622
41 60244
42 523723
43 332905
44 53822
45 51120
46 153070
47 50865
48 332906
49 117837
50 64667
51 49669
52 51829
53 525326
54 54642
55 67877
56 71272
57 332902
58 71280
59 48370
60 57776
61 51430
62 47690
63 55328
64 47195
