1 142423
2 155627
3 157613
4 72136
5 72110
6 181346
7 62852
8 336791
9 157164
10 156486
11 156146
12 72086
13 50641
14 72308
15 57628
16 273199
17 119139
18 326107
19 129035
20 49145
21 156930
22 83892
23 72388
24 62926
25 61370
26 82815
27 50615
28 58992
29 72040
30 54519
31 82573
32 53106
33 47564
34 127067
35 126427
36 129527
37 52348
38 56955
39 72389
40 61787
41 53186
42 52346
43 127364
44 272999
45 63196
46 72358
47 155841
48 1029556
49 343815
50 142222
51 156880
52 47452
53 186400
54 52734
55 55989
56 64341
57 83434
58 68702
59 132924
60 120364
61 137588
62 142398
63 181122
64 272948
65 343871
66 344307
67 143209
68 120945
69 81996
70 72056
71 132131
72 1069706
73 122303
74 51874
75 340360
76 126844
77 123748
78 82888
79 182136
80 67538
81 343894
82 56091
83 62928
84 156196
85 146988
86 154891
87 243721
88 50999
89 846898
90 1069366
91 340152
92 122715
93 64571
94 59379
95 83446
96 83058
97 68685
98 184663
99 343891
100 62938
101 67824
102 48891
103 344278
104 132896
105 186605
106 53451
107 83912
108 85036
109 145594
110 156788
111 1069166
112 181188
113 156927
114 127679
115 72245
116 58771
117 142083
118 343865
119 157646
120 344236
121 344299
122 344198
123 184168
124 180088
125 210279
126 50152
127 129539
128 344184
129 201316
130 85284
131 344154
132 56751
133 157192
134 53864
135 157607
136 83418
137 56917
138 52494
139 123736
140 155571
141 128269
142 181154
143 156830
144 54916
145 52893
146 50192
147 123686
148 156747
149 51822
150 155714
151 62920
152 344858
153 154830
154 157150
155 154845
156 143424
157 51452
158 64059
159 70025
160 69226
161 321817
162 52602
163 131595
164 184500
165 47758
166 142587
167 82096
168 130216
169 64444
170 139570
171 47453
172 60748
173 82325
174 272654
175 83120
176 183748
177 68226
178 184773
179 142036
180 50334
181 47450
182 68655
183 53955
184 47780
185 1443673
186 344832
187 124826
188 181338
189 185646
190 72055
191 62891
192 126846
193 866794
194 1069892
195 157153
196 183637
197 48887
198 48890
199 123002
200 343816
201 119384
202 68717
203 132565
204 72408
205 82401
206 156565
207 132699
208 72232
209 48517
210 348836
211 344935
212 182102
213 71940
214 82268
215 500568
216 81496
217 184167
218 69177
219 48234
220 51827
221 142346
222 68039
223 83584
224 52398
225 136904
226 121024
227 146978
228 83117
229 185954
230 183665
231 61399
232 60271
233 764908
234 68318
235 153022
236 82320
237 68563
238 475084
239 156745
240 344983
241 344987
242 133457
243 123476
244 155939
245 72039
246 120027
247 126582
248 48323
249 62841
250 133310
251 157131
252 83139
253 123472
254 121288
255 127280
256 127683
257 343843
258 132575
259 180275
260 62911
261 503255
262 246103
263 156820
264 141373
265 185263
266 48868
267 153372
268 128697
269 126306
270 83453
271 48686
272 124353
273 127285
274 126795
275 72340
276 83107
277 132202
278 72338
279 272942
280 142331
281 122839
282 117505
283 52935
284 48039
285 119100
286 82692
287 133212
288 72151
289 83588
290 130819
291 325184
292 1238857
293 182424
294 508220
295 48875
296 119089
297 184312
298 156993
299 157235
300 346010
301 147272
302 58388
303 123622
304 156991
305 52855
306 51733
307 53877
308 138291
309 82771
310 1005196
311 132933
312 142101
313 67577
314 48896
315 53691
316 346171
317 122888
318 47442
319 68716
320 156987
321 56890
322 120943
323 48878
324 346178
325 131243
326 83080
327 47906
328 346192
329 62633
330 184494
331 157475
332 157213
333 346362
334 50339
335 71992
336 124450
337 70037
338 59041
339 131675
340 62885
341 142329
342 156576
343 142334
344 132957
345 72014
346 156776
347 183238
348 139081
349 62826
350 62867
351 183253
352 58302
353 133611
354 70046
355 61382
356 56740
357 142419
358 69974
359 54996
360 72192
361 122995
362 149000
363 131831
364 272882
365 180180
366 178399
367 142580
368 67757
369 122769
370 62855
371 54464
372 142425
373 70029
374 119899
375 147305
376 131832
377 348784
378 62946
379 62952
380 119610
381 1038942
382 1065446
383 156598
384 130822
385 133562
386 157730
387 62370
388 142373
389 57168
390 154846
391 49042
392 327849
393 51122
394 82321
395 128976
396 61291
397 83406
398 133556
399 362465
400 184286
401 156178
402 127639
403 272926
404 185785
405 332606
406 126187
407 48943
408 56172
409 138782
410 69807
411 138833
412 365231
413 128973
414 141432
415 365466
416 180128
417 184677
418 128983
419 140708
420 370102
421 130375
422 182246
423 132452
424 185677
425 184152
426 126246
427 144136
428 138465
429 154029
430 138672
431 69234
432 72302
433 365706
434 186537
435 185238
436 70004
437 344186
438 183430
439 60999
440 84964
441 184200
442 119267
443 49195
444 272938
445 147406
446 155973
447 126405
448 47574
449 185692
450 82743
451 50372
452 83220
453 348584
454 50362
455 60117
456 52646
457 50918
458 427292
459 59770
460 60338
461 142178
462 126578
463 122318
464 122989
465 57022
466 127668
467 182398
468 53725
469 370677
470 183977
471 142090
472 347391
473 72186
474 126732
475 128971
476 425776
477 139756
478 425514
479 62823
480 184395
481 186708
482 427210
483 47357
484 68662
485 185302
486 127913
487 1069590
488 142180
489 142347
490 48436
491 427581
492 135447
493 131378
494 181136
495 272826
496 83029
497 804503
498 138599
499 50204
500 62373
501 183815
502 50383
503 180314
504 71997
505 135449
506 358837
507 206271
508 346191
509 132171
510 184333
511 140477
512 48381
513 47544
514 82753
515 72233
516 425678
517 122520
518 142421
519 52079
520 184715
521 50879
522 62865
523 51815
524 67702
525 182183
526 133292
527 182095
528 48376
529 901662
530 156861
531 1069692
532 272932
533 141080
534 141362
535 131567
536 778610
537 154813
538 184290
539 83480
540 132907
541 823397
542 141488
543 184145
544 61208
545 923886
546 62862
547 185445
548 122972
549 134188
550 72218
551 147438
552 369484
553 348108
554 62819
555 72108
556 68667
557 937243
558 905249
559 184122
560 141512
561 122298
562 147444
563 72197
564 56932
565 54494
566 52326
567 146817
568 156205
569 425713
570 51638
571 346871
572 180121
573 81492
574 883677
575 184244
576 903481
577 427354
578 68320
579 357724
580 48319
581 628896
582 122097
583 425535
584 156839
585 142326
586 556249
587 157636
588 185131
589 141506
590 157724
591 48433
592 117286
593 867559
594 157630
595 360344
596 186259
597 135446
598 132582
599 185520
600 122320
601 85033
602 138639
603 49321
604 132989
605 139447
606 415048
607 977346
608 142378
609 1405204
610 60211
611 177545
612 273071
613 125690
614 156122
615 915489
616 72375
617 121286
618 369597
619 342555
620 47351
621 83743
622 181944
623 186582
624 157221
625 344283
626 155961
627 133472
628 347939
629 142602
630 425501
631 781041
632 156567
633 347686
634 133181
635 157412
636 53440
637 184498
638 184623
639 428340
640 273170
641 86051
642 183391
643 47889
644 183636
645 181280
646 60304
647 51595
648 1144130
649 61128
650 60147
651 156623
652 348708
653 83833
654 50173
655 332659
656 155941
657 126377
658 51597
659 83365
660 62864
661 81837
662 72111
663 181189
664 472364
665 128033
666 272870
667 273495
668 68046
669 54708
670 369680
671 157291
672 425763
673 185281
674 54644
675 183313
676 119803
677 273345
678 273350
679 155916
680 83496
681 183406
682 53165
683 83505
684 122522
685 182347
686 340303
687 183662
688 180038
689 133934
690 57861
691 68692
692 371329
693 157700
694 131573
695 48071
696 347717
697 54794
698 72313
699 183385
700 427623
701 425718
702 53956
703 370719
704 273141
705 67822
706 63714
707 142886
708 317743
709 51826
710 51637
711 57145
712 142537
713 426928
714 133196
715 185060
716 184932
717 181343
718 366157
719 83109
720 183750
721 319141
722 185624
723 803191
724 62900
725 126336
726 119137
727 62892
728 141454
729 122967
730 834733
731 186060
732 141164
733 53453
734 185973
735 132914
736 146771
737 127389
738 82365
739 425566
740 52497
741 48449
742 71956
743 157640
744 417482
745 186256
746 85411
747 464556
748 133507
749 122659
750 461599
751 427049
752 425476
753 154862
754 53262
755 427283
756 273461
757 343541
758 141398
759 64339
760 347693
761 64343
762 184844
763 154860
764 180287
765 185569
766 53854
767 340317
768 156695
769 67834
770 426563
771 157240
772 426953
773 83989
774 425735
775 185113
776 425809
777 427390
778 135440
779 84833
780 137948
781 64178
782 58374
783 133537
784 369355
785 131285
786 59073
787 132747
788 705656
789 62413
790 321165
791 156770
792 426590
793 157109
794 272814
795 1069333
796 182119
797 346615
798 425644
799 142327
800 154834
801 155492
802 183903
803 346626
804 182410
805 157626
806 183106
807 607745
808 53726
809 425673
810 774740
811 272811
812 55269
813 51600
814 426844
815 428231
816 142286
817 186374
818 58761
819 57869
820 49652
821 184800
822 426803
823 147263
824 985690
825 848174
826 132450
827 915463
828 142530
829 155655
830 347719
831 186487
832 48164
833 129799
834 425711
835 199675
836 156237
837 185824
838 155899
839 82551
840 426411
841 496645
842 425788
843 186408
844 72023
845 60773
846 709397
847 72119
848 85324
849 180316
850 180047
851 425683
852 50378
853 122526
854 142491
855 426609
856 576298
857 180095
858 119005
859 186631
860 425688
861 427334
862 48385
863 68066
864 126736
865 56993
866 56020
867 47701
868 48970
869 62499
870 49181
871 53718
872 570733
873 50822
874 126141
875 72090
876 57017
877 50829
878 52195
879 53053
880 133423
881 136412
882 67711
883 272956
884 57863
885 140645
886 142349
887 344964
888 1417695
889 186049
890 346812
891 157267
892 59890
893 139402
894 180333
895 273038
896 72356
897 133463
898 427894
899 60466
900 1069602
901 184814
902 427092
903 273069
904 157138
905 61040
906 49571
907 62669
908 155576
909 57513
910 183842
911 157350
912 140138
913 185257
914 142605
915 83429
916 186327
917 142600
918 334915
919 348274
920 133650
921 1069477
922 147015
923 72295
924 340987
925 142457
926 554967
927 62195
928 127554
929 84780
930 576284
931 53804
